0
100 1000
69 83
40 73
30 10
87 61
94 93
15 97
44 10
68 11
62 32
57 87
30 43
99 44
88 97
31 11
12 14
98 25
75 92
11 76
74 51
13 81
38 94
72 48
58 80
65 41
61 20
31 96
99 56
8 46
77 86
36 43
62 65
95 93
85 2
53 6
92 49
60 9
51 33
59 28
37 67
42 83
7 41
34 52
9 66
64 71
47 4
8 26
26 47
42 95
60 27
17 82
60 21
22 98
58 19
3 2
39 33
35 69
4 29
56 29
59 40
24 27
7 73
34 3
84 55
1 66
18 28
72 67
42 100
64 89
71 25
84 52
77 96
23 89
58 13
63 79
88 53
1 74
78 91
48 49
50 17
89 90
50 86
85 80
6 76
63 37
70 45
35 75
57 70
45 5
32 5
92 16
79 15
91 61
54 36
24 22
54 14
38 46
39 18
81 23
82 20
2 68 40
4 78 91
3 1
2 61 99
4 4 29
4 30 10
2 67 32
3 3
2 70 56
3 4
3 2
2 36 50
4 86 77
3 5
2 77 64
4 100 42
3 6
2 57 98
4 96 77
4 40 73
4 13 81
2 38 39
3 7
2 25 54
2 50 32
3 10
3 9
4 44 10
3 8
2 97 84
1 83 69 67 47
4 95 93
3 11
2 13 47
4 36 54
4 100 42
3 12
1 37 63 1 10
2 13 1
4 85 2
2 71 72
3 14
3 13
2 5 100
1 76 11 32 53
2 11 32
3 15
4 60 27
3 16
2 45 88
3 17
2 2 34
4 38 46
3 18
2 39 92
3 19
2 61 56
4 35 69
2 84 48
4 17 82
3 21
2 56 73
4 96 77
4 24 27
4 1 66
4 85 80
4 32 53
3 22
4 74 1
3 20
2 70 55
4 95 42
4 70 45
2 43 30
2 4 68
4 10 44
4 1 10
2 48 96
1 58 13 73 58
3 23
2 49 3
3 24
2 43 28
4 32 53
2 6 81
2 51 59
2 31 47
2 97 75
4 26 47
4 92 75
4 24 22
4 60 21
2 57 45
3 31
3 27
3 25
2 41 29
2 24 29
4 53 32
3 32
4 60 27
3 33
4 42 100
4 56 99
4 48 72
2 48 91
2 63 21
4 11 31
4 66 1
4 1 66
4 49 48
3 29
2 36 45
4 5 32
3 36
3 28
4 40 73
4 31 96
4 58 19
3 35
3 34
2 54 19
3 38
3 39
2 79 1
1 99 44 92 34
3 37
2 79 47
4 73 58
3 30
4 9 66
3 41
4 33 39
2 40 43
3 40
3 42
4 14 54
2 10 55
2 92 8
3 44
4 67 37
3 43
3 26
2 52 49
4 51 74
2 45 39
4 27 60
3 46
2 30 12
4 34 92
4 23 89
2 5 26
3 48
2 45 9
4 29 56
4 89 23
4 77 86
4 14 54
4 11 31
4 56 99
3 45
1 72 67 4 58
4 5 32
3 47
4 71 64
1 42 95 83 36
2 89 11
3 49
4 39 18
4 24 27
4 21 60
2 96 30
3 51
2 8 99
3 52
4 57 87
4 1 74
4 66 9
3 50
1 28 59 90 48
2 29 78
4 45 5
2 94 59
4 53 6
3 53
4 61 87
3 54
2 63 44
4 31 11
3 55
2 38 38
4 57 70
3 56
2 19 30
4 62 65
3 57
2 88 71
2 74 74
4 41 65
3 58
3 59
2 5 8
3 60
2 93 12
4 100 42
2 5 18
1 3 2 67 34
3 61
3 62
2 14 78
2 95 20
4 94 93
2 49 15
4 28 18
3 65
4 93 94
3 64
3 63
2 13 87
4 40 73
2 97 24
4 71 25
3 67
4 98 25
4 58 19
3 66
2 47 86
2 51 27
1 90 89 27 49
3 68
2 43 70
3 69
4 36 83
2 9 87
3 71
1 20 61 34 82
3 70
2 29 36
3 72
2 2 65
3 73
2 93 68
2 27 18
4 97 88
3 74
4 52 84
4 66 1
3 75
2 82 30
4 86 77
4 67 37
4 72 48
2 44 36
3 77
4 30 43
4 40 59
1 71 64 54 64
4 74 51
4 38 46
3 76
2 31 28
4 28 18
4 92 75
1 51 74 59 28
1 33 39 43 33
3 78
2 87 15
2 39 79
3 79
3 80
1 81 13 30 13
1 73 58 46 79
1 36 54 92 81
2 84 25
3 81
2 15 17
1 46 38 22 38
2 41 2
2 8 33
4 73 40
2 57 37
3 85
4 61 91
4 70 57
3 83
4 85 80
4 71 25
3 82
4 84 55
4 18 28
4 100 42
2 97 80
4 43 33
3 86
4 58 80
4 18 28
2 3 67
4 85 2
4 68 11
1 38 94 53 94
4 98 25
3 84
1 67 34 97 51
3 87
2 27 70
4 27 60
3 88
2 64 60
3 89
2 91 57
2 32 25
3 90
4 25 98
3 91
2 64 2
2 66 36
3 93
3 92
2 7 27
4 53 6
3 94
2 92 14
2 29 49
4 87 61
4 13 30
2 89 77
4 53 88
3 97
3 95
2 63 45
3 98
4 8 46
4 47 67
4 91 78
4 10 1
4 4 47
2 11 34
4 41 7
2 48 9
4 72 48
3 99
2 86 1
3 100
4 27 49
3 101
4 13 30
3 96
2 48 84
3 102
2 56 33
4 71 25
2 81 66
3 104
4 36 43
2 90 83
3 105
4 31 11
3 103
1 51 97 83 62
2 87 22
3 106
2 12 84
4 52 34
3 107
1 60 27 59 54
2 88 70
4 92 75
2 89 15
4 77 96
3 109
4 10 30
2 68 28
4 7 41
4 18 28
2 76 28
3 111
2 61 92
3 108
4 94 93
4 67 37
4 32 62
2 26 32
4 14 54
3 113
4 15 79
3 110
4 28 59
3 112
2 38 83
4 82 20
3 114
2 2 35
4 92 75
2 44 78
3 116
3 115
2 19 33
4 9 66
3 117
2 68 58
3 118
2 30 87
4 47 26
3 119
2 52 89
4 6 53
4 34 92
4 29 4
3 120
2 27 57
1 62 65 16 1
1 49 27 98 8
3 121
1 47 67 67 78
2 53 73
3 122
2 33 87
2 13 58
4 58 80
3 124
3 123
2 46 43
2 60 50
3 126
3 125
2 53 72
3 127
2 66 10
4 10 30
4 2 85
1 45 5 78 8
3 128
2 17 20
4 74 1
2 11 37
2 43 35
1 16 92 49 85
3 129
4 90 48
2 57 76
4 68 11
4 36 43
4 83 36
3 130
3 132
3 131
2 48 55
4 61 91
3 133
2 97 38
4 31 11
4 79 46
1 56 29 86 99
2 92 98
4 96 31
3 134
3 135
2 13 11
3 136
2 47 71
3 137
2 93 92
2 60 91
3 138
4 42 83
2 56 45
4 74 1
3 140
4 14 54
3 139
2 26 89
4 8 98
2 23 9
4 41 65
3 142
3 141
2 31 66
2 54 33
3 144
3 143
1 92 34 73 84
2 43 2
3 145
2 17 30
4 98 25
4 92 81
4 54 59
4 81 92
2 8 52
3 147
4 76 6
2 41 24
4 60 21
2 58 97
4 58 80
3 146
3 149
4 88 53
2 38 66
3 148
4 88 97
4 53 94
4 34 82
3 150
1 15 79 28 83
2 61 63
2 50 74
3 152
4 9 60
4 34 52
1 83 36 83 43
4 78 67
4 25 71
2 78 10
3 153
3 151
2 77 59
4 98 8
2 99 67
4 92 49
3 155
3 154
2 28 35
4 43 83
4 83 42
4 53 6
2 44 90
4 78 67
4 73 84
4 96 31
4 9 60
4 37 67
3 157
3 156
2 27 32
3 158
2 54 68
3 159
2 100 54
1 10 30 97 10
3 160
1 80 85 95 91
2 75 37
3 161
2 34 41
4 43 30
2 98 56
2 61 72
4 6 53
1 83 28 5 84
3 163
4 88 97
3 164
4 99 86
2 86 50
3 165
3 162
2 76 64
4 55 84
3 166
2 70 33
4 68 11
3 167
2 94 93
2 73 10
3 169
4 17 82
3 168
2 6 32
4 24 22
4 100 42
4 27 24
3 170
2 58 58
4 42 83
2 22 7
3 172
3 171
2 28 4
2 72 19
3 173
3 174
2 85 52
4 87 57
2 51 52
2 90 38
2 74 41
3 176
1 50 17 96 44
2 28 23
4 1 66
2 44 73
4 26 47
3 177
1 93 94 95 23
3 175
3 179
4 43 83
3 178
4 46 79
3 180
2 18 54
3 181
2 8 98
1 95 91 22 31
4 21 60
3 182
2 64 59
2 65 43
1 5 84 15 72
4 59 28
3 184
1 83 43 12 36
3 183
2 18 84
3 185
2 33 22
2 51 58
3 186
1 49 92 87 33
3 187
1 53 88 55 32
1 67 78 53 67
2 56 52
2 99 55
3 188
4 46 79
1 89 23 29 35
4 54 14
2 53 17
1 32 53 11 76
3 190
2 100 87
2 92 78
2 65 92
1 92 81 95 68
4 21 60
2 42 29
4 41 65
3 191
4 99 56
3 194
4 72 48
3 189
3 193
4 57 70
3 192
2 37 12
3 195
2 60 83
4 34 3
3 196
2 64 65
3 197
2 96 82
4 95 23
4 14 12
4 47 4
4 65 41
3 198
1 87 61 48 45
1 44 10 84 37
1 33 43 100 33
2 19 55
3 199
1 52 34 34 100
2 63 18
4 96 77
3 200
2 86 97
3 201
2 8 28
4 54 59
3 202
1 31 96 8 77
2 42 75
4 51 33
3 203
2 70 52
3 204
2 47 38
4 50 86
3 205
2 79 87
1 29 4 13 29
2 85 85
2 74 49
2 41 8
4 48 90
4 53 6
4 73 7
4 60 9
4 32 62
4 55 84
1 87 57 85 76
2 97 82
3 206
2 35 50
4 65 41
3 211
3 207
4 37 67
3 209
1 55 32 71 87
3 210
3 208
2 68 57
4 77 96
3 212
2 94 86
3 213
2 90 76
4 62 32
4 15 72
2 86 79
4 85 76
2 56 94
4 8 26
2 70 21
3 214
3 215
2 99 54
3 217
3 216
2 84 58
2 66 20
3 219
3 220
3 218
2 12 19
2 54 3
3 221
4 7 73
3 222
2 19 36
2 33 9
4 18 39
3 223
3 224
1 98 8 89 91
1 59 54 11 99
2 26 34
3 225
2 37 14
4 87 33
4 34 82
2 3 98
4 79 63
3 227
3 226
1 6 53 80 28
2 12 65
3 228
2 75 68
4 91 89
3 229
2 80 32
1 87 71 34 28
3 230
2 78 93
4 33 100
2 54 62
2 87 56
4 12 36
3 231
3 232
2 30 16
3 233
2 84 60
1 4 58 2 65
4 100 42
3 234
4 90 48
3 235
2 100 13
3 236
2 90 41
4 11 68
3 237
2 77 57
2 50 48
3 239
4 91 89
4 42 83
1 39 18 67 39
1 85 76 35 20
3 238
2 70 90
2 34 46
3 240
3 241
2 96 72
3 242
2 95 3
3 243
2 60 86
4 24 27
2 44 5
4 19 58
2 50 1
3 244
2 49 68
4 78 8
3 247
3 246
4 55 84
4 28 34
3 245
2 77 64
1 64 54 15 63
1 48 49 95 49
4 61 91
3 248
2 96 16
3 249
2 19 14
2 50 75
3 250
4 22 31
4 98 22
3 251
2 95 64
1 85 49 92 90
3 252
2 22 86
3 253
2 67 97
3 254
2 60 71
2 23 86
3 255
3 256
2 43 38
4 98 22
3 257
2 70 47
4 48 45
4 100 34
3 258
2 2 38
3 259
2 55 39
2 53 3
4 78 8
4 51 33
2 3 29
3 262
3 260
3 261
2 39 6
2 87 98
3 264
3 263
1 23 95 81 36
2 32 16
4 73 7
4 60 9
3 265
1 86 99 71 100
2 83 100
4 90 92
3 266
2 13 58
4 62 83
3 267
2 94 99
3 268
2 81 66
3 269
2 74 81
1 76 6 6 32
4 81 23
3 270
2 52 50
2 5 12
4 84 55
2 37 85
4 99 56
4 30 13
2 55 35
4 81 36
4 24 22
4 76 11
4 57 70
4 59 28
2 49 6
3 272
2 26 41
3 275
3 273
4 15 63
4 8 26
4 81 23
2 48 71
3 277
4 91 61
4 35 69
3 271
3 276
4 8 77
3 274
1 40 59 73 63
2 98 24
3 278
1 48 72 27 39
1 98 22 11 13
2 91 19
4 36 81
4 28 80
3 279
2 61 20
1 43 30 6 23
3 280
2 88 22
2 28 45
2 100 57
4 36 43
4 27 24
2 78 26
4 67 39
4 90 48
4 70 45
3 284
3 281
3 283
3 282
2 13 83
4 30 13
4 71 100
4 77 96
2 51 86
4 15 97
3 286
4 83 42
2 17 92
3 285
3 287
2 63 22
4 72 15
2 9 14
4 84 37
3 288
2 10 25
3 289
2 92 52
4 95 93
3 291
4 3 34
1 11 31 5 96
3 290
2 54 82
4 53 94
4 29 13
2 50 74
3 293
3 292
2 26 95
3 294
2 16 1
2 45 43
1 73 84 1 22
4 94 53
4 44 96
1 77 8 95 8
4 26 8
4 99 56
3 295
3 296
2 4 16
4 1 74
3 297
2 38 39
4 71 100
4 73 63
3 298
2 33 74
3 299
2 55 41
4 13 11
4 8 95
3 300
1 15 97 14 9
2 99 26
4 3 34
3 301
2 24 30
1 95 8 3 89
3 302
2 40 85
4 41 7
3 303
1 100 42 49 6
1 3 34 99 47
2 5 89
1 78 8 89 8
4 65 2
3 304
2 70 78
2 92 55
3 305
